platform:0 pose:
camera id:0 R: 1 0 0 0 1 0 0 0 1 
t: -0 -0 -0 
platform:1 pose:
camera id:0 R: 0.988898 0.0818567 0.124013 -0.0786982 0.996442 -0.0301654 -0.126041 0.0200709 0.991822 
t: 0.0406342 -0.0262412 -0.0079439 
platform:2 pose:
camera id:0 R: 0.986736 0.100852 0.127206 -0.0966933 0.99457 -0.0384745 -0.130395 0.0256642 0.99113 
t: 0.0540208 -0.0335672 -0.00712889 
platform:3 pose:
camera id:0 R: 0.988771 0.0840632 0.123556 -0.0797356 0.99603 -0.0395709 -0.126392 0.0292747 0.991548 
t: 0.0533091 -0.0340157 -0.00367894 
platform:4 pose:
camera id:0 R: 0.9743 0.110838 0.196098 -0.106297 0.993768 -0.0335643 -0.198596 0.0118572 0.98001 
t: 0.109959 -0.168551 0.0316388 
platform:5 pose:
camera id:0 R: 0.989589 0.0974531 0.105906 -0.0838864 0.988506 -0.125772 -0.116946 0.115578 0.98639 
t: 0.0423145 0.00966501 0.041049 
platform:6 pose:
camera id:0 R: 0.984876 0.106699 0.136507 -0.0987665 0.993074 -0.0636409 -0.142351 0.0491962 0.988593 
t: 0.0503519 -0.0254831 0.00500481 
platform:7 pose:
camera id:0 R: 0.976248 0.094476 0.194972 -0.0816114 0.993986 -0.0730101 -0.200697 0.0553641 0.978088 
t: 0.0669519 0.0122764 0.0457923 
platform:8 pose:
camera id:0 R: 0.987439 0.100195 0.122169 -0.0937309 0.993931 -0.0575749 -0.127196 0.0454007 0.990838 
t: 0.0528877 -0.0336577 -0.00140308 
platform:9 pose:
camera id:0 R: 0.986201 -0.108585 -0.12497 0.0954363 0.989691 -0.106792 0.135277 0.0933916 0.986396 
t: -0.0591806 -0.0104447 0.0722147 
platform:10 pose:
camera id:0 R: 0.979544 -0.143383 -0.141195 0.122411 0.981466 -0.147447 0.159719 0.127147 0.97894 
t: -0.0628149 0.0368669 0.0813666 
platform:11 pose:
camera id:0 R: 0.957041 -0.150077 -0.24809 0.137569 0.988216 -0.0671081 0.255238 0.0300956 0.96641 
t: -0.141323 -0.0163839 0.101772 
platform:12 pose:
camera id:0 R: 0.999161 -0.0139787 -0.0385077 0.010515 0.996001 -0.0887262 0.039594 0.0882468 0.995311 
t: -0.0209858 -0.206202 0.0552171 
platform:13 pose:
camera id:0 R: 0.998548 0.0516587 0.0152706 -0.0510968 0.998075 -0.0351426 -0.0170567 0.0343113 0.999266 
t: 0.0477502 -0.255467 0.0306991 
platform:14 pose:
camera id:0 R: 0.994272 -0.0598603 -0.0885451 0.0517511 0.994487 -0.0912037 0.0935164 0.086099 0.991888 
t: -0.053922 -0.0906164 0.0668551 
platform:15 pose:
camera id:0 R: 0.98599 0.0948195 0.137236 -0.0949571 0.995466 -0.0055583 -0.137141 -0.00755108 0.990523 
t: 0.0892919 -0.245248 0.0132768 
platform:16 pose:
camera id:0 R: 0.95299 -0.0235016 0.302088 0.00131166 0.997298 0.0734494 -0.302998 -0.0696003 0.950446 
t: 0.0423458 -0.143411 -0.00557536 
platform:17 pose:
camera id:0 R: 0.973859 -0.0228166 -0.226007 -0.00363148 0.993252 -0.115922 0.227126 0.113712 0.967204 
t: -0.187577 -0.214825 0.104918 
platform:18 pose:
camera id:0 R: 0.954574 -0.0590705 0.292062 0.0652296 0.997805 -0.0113865 -0.290748 0.0299203 0.956332 
t: 0.0395394 -0.0146165 -0.00756702 
platform:19 pose:
camera id:0 R: 0.912146 0.0186038 0.409442 -0.013653 0.999794 -0.0150118 -0.409637 0.00810283 0.912212 
t: 0.0779155 -0.00228396 0.00496026 
platform:20 pose:
camera id:0 R: 0.97433 0.123767 0.188049 -0.114255 0.991599 -0.0606465 -0.193975 0.0376042 0.980286 
t: 0.108592 -0.11217 0.0513445 
platform:21 pose:
camera id:0 R: 0.984227 0.0842751 0.15555 -0.0744166 0.994895 -0.0681588 -0.1605 0.0555082 0.985474 
t: 0.0857301 -0.0444704 0.0596272 
platform:22 pose:
camera id:0 R: 0.95365 -0.127791 -0.272437 0.101218 0.988818 -0.109513 0.283386 0.0768612 0.955921 
t: -0.200143 -0.105982 0.136857 
platform:23 pose:
camera id:0 R: 0.974577 -0.145442 -0.170431 0.129706 0.986482 -0.100143 0.182693 0.0754911 0.980268 
t: -0.0611105 0.0514536 0.0919526 
